# Auto-generated file.
# CALIBRATION ID: 1489431749
k3: -0.0368566 -1.92639 1.10927 -0.301874 0.0373251 0.240851 0.921667
k2: 0.0 0.0 0.0 0.0 0.0 0.0 1.0
k1: -0.695692 -2.02571 1.92301 -0.162207 0.35728 0.84568 0.361754
k5: -0.368088 -2.46641 2.48117 -0.409339 -0.398266 -0.58017 0.580714
k4: -0.248354 -2.25308 2.08361 0.00103889 0.563294 0.825972 0.0216563
